//Format: //(Exclamation Point)(comma)GroupName(comma)Latitude(comma)Longitude(comma)Altitude(comma)redVal(comma)greenVal(comma)blueVal
@App Mtns
!Chocorua1,43.954167,-71.273333,3480,-1,-1,-1,
!Chocorua2,43.954167,-71.273333,3480,-1,-1,-1,
!Chocorua3,43.954167,-71.273333,3480,-1,-1,-1,
!Chocorua4,43.954167,-71.273333,3480,-1,-1,-1,
!Chocorua5,43.954167,-71.273333,3480,-1,-1,-1,
!Chocorua6,43.954167,-71.273333,3480,-1,-1,-1,
!Chocorua7,43.954167,-71.273333,3480,-1,-1,-1,
!Chocorua8,43.954167,-71.273333,3480,-1,-1,-1,
!Chocorua9,43.954167,-71.273333,3480,-1,-1,-1,
!Chocorua10,43.954167,-71.273333,3480,-1,-1,-1,
!Chocorua11,43.954167,-71.273333,3480,-1,-1,-1,
!Chocorua12,43.954167,-71.273333,3480,-1,-1,-1,
!Chocorua13,43.954167,-71.273333,3480,-1,-1,-1,
!Chocorua14,43.954167,-71.273333,3480,-1,-1,-1,
!Chocorua15,43.954167,-71.273333,3480,-1,-1,-1,
!Chocorua16,43.954167,-71.273333,3480,-1,-1,-1,
!Chocorua17,43.954167,-71.273333,3480,-1,-1,-1,
!Chocorua18,43.954167,-71.273333,3480,-1,-1,-1,
!Chocorua19,43.954167,-71.273333,3480,-1,-1,-1,
!Chocorua20,43.954167,-71.273333,3480,-1,-1,-1,
!Chocorua21,43.954167,-71.273333,3480,-1,-1,-1,
!Chocorua22,43.954167,-71.273333,3480,-1,-1,-1,
!Chocorua23,43.954167,-71.273333,3480,-1,-1,-1,
!Chocorua24,43.954167,-71.273333,3480,-1,-1,-1,
!Chocorua25,43.954167,-71.273333,3480,-1,-1,-1,
!Chocorua26,43.954167,-71.273333,3480,-1,-1,-1,
!Chocorua27,43.954167,-71.273333,3480,-1,-1,-1,
!Chocorua28,43.954167,-71.273333,3480,-1,-1,-1,
!Chocorua29,43.954167,-71.273333,3480,-1,-1,-1,
!Chocorua30,43.954167,-71.273333,3480,-1,-1,-1,
!Chocorua31,43.954167,-71.273333,3480,-1,-1,-1,
!Chocorua32,43.954167,-71.273333,3480,-1,-1,-1,
!Chocorua33,43.954167,-71.273333,3480,-1,-1,-1,
!Chocorua34,43.954167,-71.273333,3480,-1,-1,-1,
!Chocorua35,43.954167,-71.273333,3480,-1,-1,-1,
!Chocorua36,43.954167,-71.273333,3480,-1,-1,-1,
!Chocorua37,43.954167,-71.273333,3480,-1,-1,-1,
!Chocorua38,43.954167,-71.273333,3480,-1,-1,-1,
!Chocorua39,43.954167,-71.273333,3480,-1,-1,-1,
!Chocorua40,43.954167,-71.273333,3480,-1,-1,-1,
!
@